2.3618442752845494 -2.0521208599540124
3.4037333412861317 -3.8567256581192355
4.999999999999999 -5.196152422706632
6.958110933998418 -5.908846518073248
9.041889066001582 -5.908846518073248
10.999999999999998 -5.196152422706632
12.596266658713867 -3.856725658119237
13.63815572471545 -2.0521208599540133
14.0 -7.347880794884119e-16
13.63815572471545 2.052120859954012
12.59626665871387 3.8567256581192355
11.000000000000004 5.19615242270663
9.041889066001582 5.908846518073248
6.95811093399842 5.908846518073249
4.999999999999999 5.196152422706632
3.4037333412861335 3.8567256581192373
2.3618442752845494 2.0521208599540115
